 
 
 
 
#  id     pos         dens           U           pres       weightedn    weightedP    weightedU       A    hsmooth
   1   1.0000E-01   0.0000E+00   1.0000E+00   0.0000E+00   0.0000E+00   0.0000E+00   1.0000E+00   4.9260E-02   0.0000E+00
   2   2.0000E-01   0.0000E+00   1.0000E+00   0.0000E+00   0.0000E+00   0.0000E+00   1.0000E+00   4.9260E-02   0.0000E+00
   3   3.0000E-01   0.0000E+00   1.0000E+00   0.0000E+00   0.0000E+00   0.0000E+00   1.0000E+00   4.9260E-02   0.0000E+00
   4   4.0000E-01   0.0000E+00   1.0000E+00   0.0000E+00   0.0000E+00   0.0000E+00   1.0000E+00   4.9260E-02   0.0000E+00
   5   5.0000E-01   0.0000E+00   1.0000E+00   0.0000E+00   0.0000E+00   0.0000E+00   1.0000E+00   4.9260E-02   0.0000E+00
   6   6.0000E-01   0.0000E+00   1.0000E+00   0.0000E+00   0.0000E+00   0.0000E+00   1.0000E+00   4.9260E-02   0.0000E+00
   7   7.0000E-01   0.0000E+00   1.0000E+00   0.0000E+00   0.0000E+00   0.0000E+00   1.0000E+00   4.9260E-02   0.0000E+00
   8   8.0000E-01   0.0000E+00   1.0000E+00   0.0000E+00   0.0000E+00   0.0000E+00   1.0000E+00   4.9260E-02   0.0000E+00
   9   9.0000E-01   0.0000E+00   1.0000E+00   0.0000E+00   0.0000E+00   0.0000E+00   1.0000E+00   4.9260E-02   0.0000E+00
  10   1.0000E+00   0.0000E+00   1.0000E+00   0.0000E+00   0.0000E+00   0.0000E+00   1.0000E+00   4.9260E-02   0.0000E+00
  11   1.1000E+00   0.0000E+00   1.0000E+00   0.0000E+00   0.0000E+00   0.0000E+00   1.0000E+00   4.9260E-02   0.0000E+00
  12   1.2000E+00   0.0000E+00   1.0000E+00   0.0000E+00   0.0000E+00   0.0000E+00   1.0000E+00   4.9260E-02   0.0000E+00
  13   1.3000E+00   0.0000E+00   1.0000E+00   0.0000E+00   0.0000E+00   0.0000E+00   1.0000E+00   4.9260E-02   0.0000E+00
  14   1.4000E+00   0.0000E+00   1.0000E+00   0.0000E+00   0.0000E+00   0.0000E+00   1.0000E+00   4.9260E-02   0.0000E+00
  15   1.5000E+00   0.0000E+00   1.0000E+00   0.0000E+00   0.0000E+00   0.0000E+00   1.0000E+00   4.9260E-02   0.0000E+00
  16   1.6000E+00   0.0000E+00   1.0000E+00   0.0000E+00   0.0000E+00   0.0000E+00   1.0000E+00   4.9260E-02   0.0000E+00
  17   1.7000E+00   0.0000E+00   1.0000E+00   0.0000E+00   0.0000E+00   0.0000E+00   1.0000E+00   4.9260E-02   0.0000E+00
  18   1.8000E+00   0.0000E+00   1.0000E+00   0.0000E+00   0.0000E+00   0.0000E+00   1.0000E+00   4.9260E-02   0.0000E+00
  19   1.9000E+00   0.0000E+00   1.0000E+00   0.0000E+00   0.0000E+00   0.0000E+00   1.0000E+00   4.9260E-02   0.0000E+00
  20   2.0000E+00   3.0985E+02   1.0000E+00   1.0328E+02   3.0985E+02   1.0328E+02   1.0000E+00   4.9260E-02   2.4859E-01
  21   2.1000E+00   3.0985E+02   1.0000E+00   1.0328E+02   3.0985E+02   1.0328E+02   1.0000E+00   4.9260E-02   2.4859E-01
  22   2.2000E+00   3.0985E+02   1.0000E+00   1.0328E+02   3.0985E+02   1.0328E+02   1.0000E+00   4.9260E-02   2.4859E-01
  23   2.3000E+00   3.0985E+02   1.0000E+00   1.0328E+02   3.0985E+02   1.0328E+02   1.0000E+00   4.9260E-02   2.4859E-01
  24   2.4000E+00   3.0985E+02   1.0000E+00   1.0328E+02   3.0985E+02   1.0328E+02   1.0000E+00   4.9260E-02   2.4859E-01
  25   2.5000E+00   3.0985E+02   1.0000E+00   1.0328E+02   3.0985E+02   1.0328E+02   1.0000E+00   4.9260E-02   2.4859E-01
  26   2.6000E+00   3.0985E+02   1.0000E+00   1.0328E+02   3.0985E+02   1.0328E+02   1.0000E+00   4.9260E-02   2.4859E-01
  27   2.7000E+00   3.0985E+02   1.0000E+00   1.0328E+02   3.0985E+02   1.0328E+02   1.0000E+00   4.9260E-02   2.4859E-01
  28   2.8000E+00   3.0985E+02   1.0000E+00   1.0328E+02   3.0985E+02   1.0328E+02   1.0000E+00   4.9260E-02   2.4859E-01
  29   2.9000E+00   3.0985E+02   1.0000E+00   1.0328E+02   3.0985E+02   1.0328E+02   1.0000E+00   4.9260E-02   2.4859E-01
  30   3.0000E+00   3.0985E+02   1.0000E+00   1.0328E+02   3.0985E+02   1.0328E+02   1.0000E+00   4.9260E-02   2.4859E-01
  31   3.1000E+00   3.0985E+02   1.0000E+00   1.0328E+02   3.0985E+02   1.0328E+02   1.0000E+00   4.9260E-02   2.4859E-01
  32   3.2000E+00   3.0985E+02   1.0000E+00   1.0328E+02   3.0985E+02   1.0328E+02   1.0000E+00   4.9260E-02   2.4859E-01
  33   3.3000E+00   3.0985E+02   1.0000E+00   1.0328E+02   3.0985E+02   1.0328E+02   1.0000E+00   4.9260E-02   2.4859E-01
  34   3.4000E+00   3.0985E+02   1.0000E+00   1.0328E+02   3.0985E+02   1.0328E+02   1.0000E+00   4.9260E-02   2.4859E-01
  35   3.5000E+00   3.0985E+02   1.0000E+00   1.0328E+02   3.0985E+02   1.0328E+02   1.0000E+00   4.9260E-02   2.4859E-01
  36   3.6000E+00   3.0985E+02   1.0000E+00   1.0328E+02   3.0985E+02   1.0328E+02   1.0000E+00   4.9260E-02   2.4859E-01
  37   3.7000E+00   3.0985E+02   1.0000E+00   1.0328E+02   3.0985E+02   1.0328E+02   1.0000E+00   4.9260E-02   2.4859E-01
  38   3.8000E+00   3.0985E+02   1.0000E+00   1.0328E+02   3.0985E+02   1.0328E+02   1.0000E+00   4.9260E-02   2.4859E-01
  39   3.9000E+00   3.0985E+02   1.0000E+00   1.0328E+02   3.0985E+02   1.0328E+02   1.0000E+00   4.9260E-02   2.4859E-01
  40   4.0000E+00   3.0985E+02   1.0000E+00   1.0328E+02   3.0985E+02   1.0328E+02   1.0000E+00   4.9260E-02   2.4859E-01
  41   4.1000E+00   3.0985E+02   1.0000E+00   1.0328E+02   3.0985E+02   1.0328E+02   1.0000E+00   4.9260E-02   2.4859E-01
  42   4.2000E+00   3.0985E+02   1.0000E+00   1.0328E+02   3.0985E+02   1.0328E+02   1.0000E+00   4.9260E-02   2.4859E-01
  43   4.3000E+00   3.0985E+02   1.0000E+00   1.0328E+02   3.0985E+02   1.0328E+02   1.0000E+00   4.9260E-02   2.4859E-01
  44   4.4000E+00   3.0985E+02   1.0000E+00   1.0328E+02   3.0985E+02   1.0328E+02   1.0000E+00   4.9260E-02   2.4859E-01
  45   4.5000E+00   3.0985E+02   1.0000E+00   1.0328E+02   3.0985E+02   1.0328E+02   1.0000E+00   4.9260E-02   2.4859E-01
  46   4.6000E+00   3.0985E+02   1.0000E+00   1.0328E+02   3.0985E+02   1.0328E+02   1.0000E+00   4.9260E-02   2.4859E-01
  47   4.7000E+00   3.0985E+02   1.0000E+00   1.0328E+02   3.0985E+02   1.0328E+02   1.0000E+00   4.9260E-02   2.4859E-01
  48   4.8000E+00   3.0985E+02   1.0000E+00   1.0328E+02   3.0985E+02   1.0328E+02   1.0000E+00   4.9260E-02   2.4859E-01
  49   4.9000E+00   3.0985E+02   1.0000E+00   1.0328E+02   3.0985E+02   1.0328E+02   1.0000E+00   4.9260E-02   2.4859E-01
  50   5.0000E+00   3.0985E+02   1.0000E+00   1.0328E+02   3.0985E+02   1.0328E+02   1.0000E+00   4.9260E-02   2.4859E-01
  51   5.1000E+00   3.0985E+02   1.0000E+00   1.0328E+02   3.0985E+02   1.0328E+02   1.0000E+00   4.9260E-02   2.4859E-01
  52   5.2000E+00   3.0985E+02   1.0000E+00   1.0328E+02   3.0985E+02   1.0328E+02   1.0000E+00   4.9260E-02   2.4859E-01
  53   5.3000E+00   3.0985E+02   1.0000E+00   1.0328E+02   3.0985E+02   1.0328E+02   1.0000E+00   4.9260E-02   2.4859E-01
  54   5.4000E+00   3.0985E+02   1.0000E+00   1.0328E+02   3.0985E+02   1.0328E+02   1.0000E+00   4.9260E-02   2.4859E-01
  55   5.5000E+00   3.0985E+02   1.0000E+00   1.0328E+02   3.0985E+02   1.0328E+02   1.0000E+00   4.9260E-02   2.4859E-01
  56   5.6000E+00   3.0985E+02   1.0000E+00   1.0328E+02   3.0985E+02   1.0328E+02   1.0000E+00   4.9260E-02   2.4859E-01
  57   5.7000E+00   3.0985E+02   1.0000E+00   1.0328E+02   3.0985E+02   1.0328E+02   1.0000E+00   4.9260E-02   2.4859E-01
  58   5.8000E+00   3.0985E+02   1.0000E+00   1.0328E+02   3.0985E+02   1.0328E+02   1.0000E+00   4.9260E-02   2.4859E-01
  59   5.9000E+00   3.0985E+02   1.0000E+00   1.0328E+02   3.0985E+02   1.0328E+02   1.0000E+00   4.9260E-02   2.4859E-01
  60   6.0000E+00   3.0985E+02   1.0000E+00   1.0328E+02   3.0985E+02   1.0328E+02   1.0000E+00   4.9260E-02   2.4859E-01
  61   6.1000E+00   3.0985E+02   1.0000E+00   1.0328E+02   3.0985E+02   1.0328E+02   1.0000E+00   4.9260E-02   2.4859E-01
  62   6.2000E+00   3.0985E+02   1.0000E+00   1.0328E+02   3.0985E+02   1.0328E+02   1.0000E+00   4.9260E-02   2.4859E-01
  63   6.3000E+00   3.0985E+02   1.0000E+00   1.0328E+02   3.0985E+02   1.0328E+02   1.0000E+00   4.9260E-02   2.4859E-01
  64   6.4000E+00   3.0985E+02   1.0000E+00   1.0328E+02   3.0985E+02   1.0328E+02   1.0000E+00   4.9260E-02   2.4859E-01
  65   6.5000E+00   3.0985E+02   1.0000E+00   1.0328E+02   3.0985E+02   1.0328E+02   1.0000E+00   4.9260E-02   2.4859E-01
  66   6.6000E+00   3.0985E+02   1.0000E+00   1.0328E+02   3.0985E+02   1.0328E+02   1.0000E+00   4.9260E-02   2.4859E-01
  67   6.7000E+00   3.0985E+02   1.0000E+00   1.0328E+02   3.0985E+02   1.0328E+02   1.0000E+00   4.9260E-02   2.4859E-01
  68   6.8000E+00   3.0985E+02   1.0000E+00   1.0328E+02   3.0985E+02   1.0328E+02   1.0000E+00   4.9260E-02   2.4859E-01
  69   6.9000E+00   3.0985E+02   1.0000E+00   1.0328E+02   3.0985E+02   1.0328E+02   1.0000E+00   4.9260E-02   2.4859E-01
  70   7.0000E+00   3.0985E+02   1.0000E+00   1.0328E+02   3.0985E+02   1.0328E+02   1.0000E+00   4.9260E-02   2.4859E-01
  71   7.1000E+00   3.0985E+02   1.0000E+00   1.0328E+02   3.0985E+02   1.0328E+02   1.0000E+00   4.9260E-02   2.4859E-01
  72   7.2000E+00   3.0985E+02   1.0000E+00   1.0328E+02   3.0985E+02   1.0328E+02   1.0000E+00   4.9260E-02   2.4859E-01
  73   7.3000E+00   3.0985E+02   1.0000E+00   1.0328E+02   3.0985E+02   1.0328E+02   1.0000E+00   4.9260E-02   2.4859E-01
  74   7.4000E+00   3.0985E+02   1.0000E+00   1.0328E+02   3.0985E+02   1.0328E+02   1.0000E+00   4.9260E-02   2.4859E-01
  75   7.5000E+00   3.0985E+02   1.0000E+00   1.0328E+02   3.0985E+02   1.0328E+02   1.0000E+00   4.9260E-02   2.4859E-01
  76   7.6000E+00   3.0985E+02   1.0000E+00   1.0328E+02   3.0985E+02   1.0328E+02   1.0000E+00   4.9260E-02   2.4859E-01
  77   7.7000E+00   3.0985E+02   1.0000E+00   1.0328E+02   3.0985E+02   1.0328E+02   1.0000E+00   4.9260E-02   2.4859E-01
  78   7.8000E+00   3.0985E+02   1.0000E+00   1.0328E+02   3.0985E+02   1.0328E+02   1.0000E+00   4.9260E-02   2.4859E-01
  79   7.9000E+00   3.0985E+02   1.0000E+00   1.0328E+02   3.0985E+02   1.0328E+02   1.0000E+00   4.9260E-02   2.4859E-01
  80   8.0000E+00   3.0985E+02   1.0000E+00   1.0328E+02   3.0985E+02   1.0328E+02   1.0000E+00   4.9260E-02   2.4859E-01
  81   8.1000E+00   3.0985E+02   1.0000E+00   1.0328E+02   3.0985E+02   1.0328E+02   1.0000E+00   4.9260E-02   2.4859E-01
  82   8.2000E+00   3.0985E+02   1.0000E+00   1.0328E+02   3.0985E+02   1.0328E+02   1.0000E+00   4.9260E-02   2.4859E-01
  83   8.3000E+00   3.0985E+02   1.0000E+00   1.0328E+02   3.0985E+02   1.0328E+02   1.0000E+00   4.9260E-02   2.4859E-01
  84   8.4000E+00   3.0985E+02   1.0000E+00   1.0328E+02   3.0985E+02   1.0328E+02   1.0000E+00   4.9260E-02   2.4859E-01
  85   8.5000E+00   3.0985E+02   1.0000E+00   1.0328E+02   3.0985E+02   1.0328E+02   1.0000E+00   4.9260E-02   2.4859E-01
  86   8.6000E+00   3.0985E+02   1.0000E+00   1.0328E+02   3.0985E+02   1.0328E+02   1.0000E+00   4.9260E-02   2.4859E-01
  87   8.7000E+00   3.0985E+02   1.0000E+00   1.0328E+02   3.0985E+02   1.0328E+02   1.0000E+00   4.9260E-02   2.4859E-01
  88   8.8000E+00   3.0985E+02   1.0000E+00   1.0328E+02   3.0985E+02   1.0328E+02   1.0000E+00   4.9260E-02   2.4859E-01
  89   8.9000E+00   3.0985E+02   1.0000E+00   1.0328E+02   3.0985E+02   1.0328E+02   1.0000E+00   4.9260E-02   2.4859E-01
  90   9.0000E+00   3.0985E+02   1.0000E+00   1.0328E+02   3.0985E+02   1.0328E+02   1.0000E+00   4.9260E-02   2.4859E-01
  91   9.1000E+00   3.0985E+02   1.0000E+00   1.0328E+02   3.0985E+02   1.0328E+02   1.0000E+00   4.9260E-02   2.4859E-01
  92   9.2000E+00   3.0985E+02   1.0000E+00   1.0328E+02   3.0985E+02   1.0328E+02   1.0000E+00   4.9260E-02   2.4859E-01
  93   9.3000E+00   3.0985E+02   1.0000E+00   1.0328E+02   3.0985E+02   1.0328E+02   1.0000E+00   4.9260E-02   2.4859E-01
  94   9.4000E+00   3.0985E+02   1.0000E+00   1.0328E+02   3.0985E+02   1.0328E+02   1.0000E+00   4.9260E-02   2.4859E-01
  95   9.5000E+00   3.0985E+02   1.0000E+00   1.0328E+02   3.0985E+02   1.0328E+02   1.0000E+00   4.9260E-02   2.4859E-01
  96   9.6000E+00   3.0985E+02   1.0000E+00   1.0328E+02   3.0985E+02   1.0328E+02   1.0000E+00   4.9260E-02   2.4859E-01
  97   9.7000E+00   3.0985E+02   1.0000E+00   1.0328E+02   3.0985E+02   1.0328E+02   1.0000E+00   4.9260E-02   2.4859E-01
  98   9.8000E+00   3.0985E+02   1.0000E+00   1.0328E+02   3.0985E+02   1.0328E+02   1.0000E+00   4.9260E-02   2.4859E-01
  99   9.9000E+00   3.0985E+02   1.0000E+00   1.0328E+02   3.0985E+02   1.0328E+02   1.0000E+00   4.9260E-02   2.4859E-01
 100   1.0000E+01   3.0985E+02   1.0000E+00   1.0328E+02   3.0985E+02   1.0328E+02   1.0000E+00   4.9260E-02   2.4859E-01
 101   1.0100E+01   3.0985E+02   1.0000E+00   1.0328E+02   3.0985E+02   1.0328E+02   1.0000E+00   4.9260E-02   2.4859E-01
 102   1.0200E+01   3.0985E+02   1.0000E+00   1.0328E+02   3.0985E+02   1.0328E+02   1.0000E+00   4.9260E-02   2.4859E-01
 103   1.0300E+01   3.0985E+02   1.0000E+00   1.0328E+02   3.0985E+02   1.0328E+02   1.0000E+00   4.9260E-02   2.4859E-01
 104   1.0400E+01   3.0985E+02   1.0000E+00   1.0328E+02   3.0985E+02   1.0328E+02   1.0000E+00   4.9260E-02   2.4859E-01
 105   1.0500E+01   3.0985E+02   1.0000E+00   1.0328E+02   3.0985E+02   1.0328E+02   1.0000E+00   4.9260E-02   2.4859E-01
 106   1.0600E+01   3.0985E+02   1.0000E+00   1.0328E+02   3.0985E+02   1.0328E+02   1.0000E+00   4.9260E-02   2.4859E-01
 107   1.0700E+01   3.0985E+02   1.0000E+00   1.0328E+02   3.0985E+02   1.0328E+02   1.0000E+00   4.9260E-02   2.4859E-01
 108   1.0800E+01   3.0985E+02   1.0000E+00   1.0328E+02   3.0985E+02   1.0328E+02   1.0000E+00   4.9260E-02   2.4859E-01
 109   1.0900E+01   3.0985E+02   1.0000E+00   1.0328E+02   3.0985E+02   1.0328E+02   1.0000E+00   4.9260E-02   2.4859E-01
 110   1.1000E+01   3.0985E+02   1.0000E+00   1.0328E+02   3.0985E+02   1.0328E+02   1.0000E+00   4.9260E-02   2.4859E-01
 111   1.1100E+01   3.0985E+02   1.0000E+00   1.0328E+02   3.0985E+02   1.0328E+02   1.0000E+00   4.9260E-02   2.4859E-01
 112   1.1200E+01   3.0985E+02   1.0000E+00   1.0328E+02   3.0985E+02   1.0328E+02   1.0000E+00   4.9260E-02   2.4859E-01
 113   1.1300E+01   3.0985E+02   1.0000E+00   1.0328E+02   3.0985E+02   1.0328E+02   1.0000E+00   4.9260E-02   2.4859E-01
 114   1.1400E+01   3.0985E+02   1.0000E+00   1.0328E+02   3.0985E+02   1.0328E+02   1.0000E+00   4.9260E-02   2.4859E-01
 115   1.1500E+01   3.0985E+02   1.0000E+00   1.0328E+02   3.0985E+02   1.0328E+02   1.0000E+00   4.9260E-02   2.4859E-01
 116   1.1600E+01   3.0985E+02   1.0000E+00   1.0328E+02   3.0985E+02   1.0328E+02   1.0000E+00   4.9260E-02   2.4859E-01
 117   1.1700E+01   3.0985E+02   1.0000E+00   1.0328E+02   3.0985E+02   1.0328E+02   1.0000E+00   4.9260E-02   2.4859E-01
 118   1.1800E+01   3.0985E+02   1.0000E+00   1.0328E+02   3.0985E+02   1.0328E+02   1.0000E+00   4.9260E-02   2.4859E-01
 119   1.1900E+01   3.0985E+02   1.0000E+00   1.0328E+02   3.0985E+02   1.0328E+02   1.0000E+00   4.9260E-02   2.4859E-01
 120   1.2000E+01   3.0985E+02   1.0000E+00   1.0328E+02   3.0985E+02   1.0328E+02   1.0000E+00   4.9260E-02   2.4859E-01
 121   1.2100E+01   3.0985E+02   1.0000E+00   1.0328E+02   3.0985E+02   1.0328E+02   1.0000E+00   4.9260E-02   2.4859E-01
 122   1.2200E+01   3.0985E+02   1.0000E+00   1.0328E+02   3.0985E+02   1.0328E+02   1.0000E+00   4.9260E-02   2.4859E-01
 123   1.2300E+01   3.0985E+02   1.0000E+00   1.0328E+02   3.0985E+02   1.0328E+02   1.0000E+00   4.9260E-02   2.4859E-01
 124   1.2400E+01   3.0985E+02   1.0000E+00   1.0328E+02   3.0985E+02   1.0328E+02   1.0000E+00   4.9260E-02   2.4859E-01
 125   1.2500E+01   3.0985E+02   1.0000E+00   1.0328E+02   3.0985E+02   1.0328E+02   1.0000E+00   4.9260E-02   2.4859E-01
 126   1.2600E+01   3.0985E+02   1.0000E+00   1.0328E+02   3.0985E+02   1.0328E+02   1.0000E+00   4.9260E-02   2.4859E-01
 127   1.2700E+01   3.0985E+02   1.0000E+00   1.0328E+02   3.0985E+02   1.0328E+02   1.0000E+00   4.9260E-02   2.4859E-01
 128   1.2800E+01   3.0985E+02   1.0000E+00   1.0328E+02   3.0985E+02   1.0328E+02   1.0000E+00   4.9260E-02   2.4859E-01
 129   1.2900E+01   3.0985E+02   1.0000E+00   1.0328E+02   3.0985E+02   1.0328E+02   1.0000E+00   4.9260E-02   2.4859E-01
 130   1.3000E+01   3.0985E+02   1.0000E+00   1.0328E+02   3.0985E+02   1.0328E+02   1.0000E+00   4.9260E-02   2.4859E-01
 131   1.3100E+01   3.0985E+02   1.0000E+00   1.0328E+02   3.0985E+02   1.0328E+02   1.0000E+00   4.9260E-02   2.4859E-01
 132   1.3200E+01   3.0985E+02   1.0000E+00   1.0328E+02   3.0985E+02   1.0328E+02   1.0000E+00   4.9260E-02   2.4859E-01
 133   1.3300E+01   3.0985E+02   1.0000E+00   1.0328E+02   3.0985E+02   1.0328E+02   1.0000E+00   4.9260E-02   2.4859E-01
 134   1.3400E+01   3.0985E+02   1.0000E+00   1.0328E+02   3.0985E+02   1.0328E+02   1.0000E+00   4.9260E-02   2.4859E-01
 135   1.3500E+01   3.0985E+02   1.0000E+00   1.0328E+02   3.0985E+02   1.0328E+02   1.0000E+00   4.9260E-02   2.4859E-01
 136   1.3600E+01   3.0985E+02   1.0000E+00   1.0328E+02   3.0985E+02   1.0328E+02   1.0000E+00   4.9260E-02   2.4859E-01
 137   1.3700E+01   3.0985E+02   1.0000E+00   1.0328E+02   3.0985E+02   1.0328E+02   1.0000E+00   4.9260E-02   2.4859E-01
 138   1.3800E+01   3.0985E+02   1.0000E+00   1.0328E+02   3.0985E+02   1.0328E+02   1.0000E+00   4.9260E-02   2.4859E-01
 139   1.3900E+01   3.0985E+02   1.0000E+00   1.0328E+02   3.0985E+02   1.0328E+02   1.0000E+00   4.9260E-02   2.4859E-01
 140   1.4000E+01   3.0985E+02   1.0000E+00   1.0328E+02   3.0985E+02   1.0328E+02   1.0000E+00   4.9260E-02   2.4859E-01
 141   1.4100E+01   3.0985E+02   1.0000E+00   1.0328E+02   3.0985E+02   1.0328E+02   1.0000E+00   4.9260E-02   2.4859E-01
 142   1.4200E+01   3.0985E+02   1.0000E+00   1.0328E+02   3.0985E+02   1.0328E+02   1.0000E+00   4.9260E-02   2.4859E-01
 143   1.4300E+01   3.0985E+02   1.0000E+00   1.0328E+02   3.0985E+02   1.0328E+02   1.0000E+00   4.9260E-02   2.4859E-01
 144   1.4400E+01   3.0985E+02   1.0000E+00   1.0328E+02   3.0985E+02   1.0328E+02   1.0000E+00   4.9260E-02   2.4859E-01
 145   1.4500E+01   3.0985E+02   1.0000E+00   1.0328E+02   3.0985E+02   1.0328E+02   1.0000E+00   4.9260E-02   2.4859E-01
 146   1.4600E+01   3.0985E+02   1.0000E+00   1.0328E+02   3.0985E+02   1.0328E+02   1.0000E+00   4.9260E-02   2.4859E-01
 147   1.4700E+01   3.0985E+02   1.0000E+00   1.0328E+02   3.0985E+02   1.0328E+02   1.0000E+00   4.9260E-02   2.4859E-01
 148   1.4800E+01   3.0985E+02   1.0000E+00   1.0328E+02   3.0985E+02   1.0328E+02   1.0000E+00   4.9260E-02   2.4859E-01
 149   1.4900E+01   3.0985E+02   1.0000E+00   1.0328E+02   3.0985E+02   1.0328E+02   1.0000E+00   4.9260E-02   2.4859E-01
 150   1.5000E+01   3.0985E+02   1.0000E+00   1.0328E+02   3.0985E+02   1.0328E+02   1.0000E+00   4.9260E-02   2.4859E-01
 151   1.5100E+01   3.0985E+02   1.0000E+00   1.0328E+02   3.0985E+02   1.0328E+02   1.0000E+00   4.9260E-02   2.4859E-01
 152   1.5200E+01   3.0985E+02   1.0000E+00   1.0328E+02   3.0985E+02   1.0328E+02   1.0000E+00   4.9260E-02   2.4859E-01
 153   1.5300E+01   3.0985E+02   1.0000E+00   1.0328E+02   3.0985E+02   1.0328E+02   1.0000E+00   4.9260E-02   2.4859E-01
 154   1.5400E+01   3.0985E+02   1.0000E+00   1.0328E+02   3.0985E+02   1.0328E+02   1.0000E+00   4.9260E-02   2.4859E-01
 155   1.5500E+01   3.0985E+02   1.0000E+00   1.0328E+02   3.0985E+02   1.0328E+02   1.0000E+00   4.9260E-02   2.4859E-01
 156   1.5600E+01   3.0985E+02   1.0000E+00   1.0328E+02   3.0985E+02   1.0328E+02   1.0000E+00   4.9260E-02   2.4859E-01
 157   1.5700E+01   3.0985E+02   1.0000E+00   1.0328E+02   3.0985E+02   1.0328E+02   1.0000E+00   4.9260E-02   2.4859E-01
 158   1.5800E+01   3.0985E+02   1.0000E+00   1.0328E+02   3.0985E+02   1.0328E+02   1.0000E+00   4.9260E-02   2.4859E-01
 159   1.5900E+01   3.0985E+02   1.0000E+00   1.0328E+02   3.0985E+02   1.0328E+02   1.0000E+00   4.9260E-02   2.4859E-01
 160   1.6000E+01   3.0985E+02   1.0000E+00   1.0328E+02   3.0985E+02   1.0328E+02   1.0000E+00   4.9260E-02   2.4859E-01
 161   1.6100E+01   3.0985E+02   1.0000E+00   1.0328E+02   3.0985E+02   1.0328E+02   1.0000E+00   4.9260E-02   2.4859E-01
 162   1.6200E+01   3.0985E+02   1.0000E+00   1.0328E+02   3.0985E+02   1.0328E+02   1.0000E+00   4.9260E-02   2.4859E-01
 163   1.6300E+01   3.0985E+02   1.0000E+00   1.0328E+02   3.0985E+02   1.0328E+02   1.0000E+00   4.9260E-02   2.4859E-01
 164   1.6400E+01   3.0985E+02   1.0000E+00   1.0328E+02   3.0985E+02   1.0328E+02   1.0000E+00   4.9260E-02   2.4859E-01
 165   1.6500E+01   3.0985E+02   1.0000E+00   1.0328E+02   3.0985E+02   1.0328E+02   1.0000E+00   4.9260E-02   2.4859E-01
 166   1.6600E+01   3.0985E+02   1.0000E+00   1.0328E+02   3.0985E+02   1.0328E+02   1.0000E+00   4.9260E-02   2.4859E-01
 167   1.6700E+01   3.0985E+02   1.0000E+00   1.0328E+02   3.0985E+02   1.0328E+02   1.0000E+00   4.9260E-02   2.4859E-01
 168   1.6800E+01   3.0985E+02   1.0000E+00   1.0328E+02   3.0985E+02   1.0328E+02   1.0000E+00   4.9260E-02   2.4859E-01
 169   1.6900E+01   3.0985E+02   1.0000E+00   1.0328E+02   3.0985E+02   1.0328E+02   1.0000E+00   4.9260E-02   2.4859E-01
 170   1.7000E+01   3.0985E+02   1.0000E+00   1.0328E+02   3.0985E+02   1.0328E+02   1.0000E+00   4.9260E-02   2.4859E-01
 171   1.7100E+01   3.0985E+02   1.0000E+00   1.0328E+02   3.0985E+02   1.0328E+02   1.0000E+00   4.9260E-02   2.4859E-01
 172   1.7200E+01   3.0985E+02   1.0000E+00   1.0328E+02   3.0985E+02   1.0328E+02   1.0000E+00   4.9260E-02   2.4859E-01
 173   1.7300E+01   3.0985E+02   1.0000E+00   1.0328E+02   3.0985E+02   1.0328E+02   1.0000E+00   4.9260E-02   2.4859E-01
 174   1.7400E+01   3.0985E+02   1.0000E+00   1.0328E+02   3.0985E+02   1.0328E+02   1.0000E+00   4.9260E-02   2.4859E-01
 175   1.7500E+01   3.0985E+02   1.0000E+00   1.0328E+02   3.0985E+02   1.0328E+02   1.0000E+00   4.9260E-02   2.4859E-01
 176   1.7600E+01   3.0985E+02   1.0000E+00   1.0328E+02   3.0985E+02   1.0328E+02   1.0000E+00   4.9260E-02   2.4859E-01
 177   1.7700E+01   3.0985E+02   1.0000E+00   1.0328E+02   3.0985E+02   1.0328E+02   1.0000E+00   4.9260E-02   2.4859E-01
 178   1.7800E+01   3.0985E+02   1.0000E+00   1.0328E+02   3.0985E+02   1.0328E+02   1.0000E+00   4.9260E-02   2.4859E-01
 179   1.7900E+01   3.0985E+02   1.0000E+00   1.0328E+02   3.0985E+02   1.0328E+02   1.0000E+00   4.9260E-02   2.4859E-01
 180   1.8000E+01   3.0985E+02   1.0000E+00   1.0328E+02   3.0985E+02   1.0328E+02   1.0000E+00   4.9260E-02   2.4859E-01
 181   1.8100E+01   3.0985E+02   1.0000E+00   1.0328E+02   3.0985E+02   1.0328E+02   1.0000E+00   4.9260E-02   2.4859E-01
 182   1.8200E+01   3.0985E+02   1.0000E+00   1.0328E+02   3.0985E+02   1.0328E+02   1.0000E+00   4.9260E-02   2.4859E-01
 183   1.8300E+01   3.0985E+02   1.0000E+00   1.0328E+02   3.0985E+02   1.0328E+02   1.0000E+00   4.9260E-02   2.4859E-01
 184   1.8400E+01   3.0985E+02   1.0000E+00   1.0328E+02   3.0985E+02   1.0328E+02   1.0000E+00   4.9260E-02   2.4859E-01
 185   1.8500E+01   3.0985E+02   1.0000E+00   1.0328E+02   3.0985E+02   1.0328E+02   1.0000E+00   4.9260E-02   2.4859E-01
 186   1.8600E+01   3.0985E+02   1.0000E+00   1.0328E+02   3.0985E+02   1.0328E+02   1.0000E+00   4.9260E-02   2.4859E-01
 187   1.8700E+01   3.0985E+02   1.0000E+00   1.0328E+02   3.0985E+02   1.0328E+02   1.0000E+00   4.9260E-02   2.4859E-01
 188   1.8800E+01   3.0985E+02   1.0000E+00   1.0328E+02   3.0985E+02   1.0328E+02   1.0000E+00   4.9260E-02   2.4859E-01
 189   1.8900E+01   3.0985E+02   1.0000E+00   1.0328E+02   3.0985E+02   1.0328E+02   1.0000E+00   4.9260E-02   2.4859E-01
 190   1.9000E+01   3.0985E+02   1.0000E+00   1.0328E+02   3.0985E+02   1.0328E+02   1.0000E+00   4.9260E-02   2.4859E-01
 191   1.9100E+01   3.0985E+02   1.0000E+00   1.0328E+02   3.0985E+02   1.0328E+02   1.0000E+00   4.9260E-02   2.4859E-01
 192   1.9200E+01   3.0985E+02   1.0000E+00   1.0328E+02   3.0985E+02   1.0328E+02   1.0000E+00   4.9260E-02   2.4859E-01
 193   1.9300E+01   3.0985E+02   1.0000E+00   1.0328E+02   3.0985E+02   1.0328E+02   1.0000E+00   4.9260E-02   2.4859E-01
 194   1.9400E+01   3.0985E+02   1.0000E+00   1.0328E+02   3.0985E+02   1.0328E+02   1.0000E+00   4.9260E-02   2.4859E-01
 195   1.9500E+01   3.0985E+02   1.0000E+00   1.0328E+02   3.0985E+02   1.0328E+02   1.0000E+00   4.9260E-02   2.4859E-01
 196   1.9600E+01   3.0985E+02   1.0000E+00   1.0328E+02   3.0985E+02   1.0328E+02   1.0000E+00   4.9260E-02   2.4859E-01
 197   1.9700E+01   3.0985E+02   1.0000E+00   1.0328E+02   3.0985E+02   1.0328E+02   1.0000E+00   4.9260E-02   2.4859E-01
 198   1.9800E+01   3.0985E+02   1.0000E+00   1.0328E+02   3.0985E+02   1.0328E+02   1.0000E+00   4.9260E-02   2.4859E-01
 199   1.9900E+01   3.0985E+02   1.0000E+00   1.0328E+02   3.0985E+02   1.0328E+02   1.0000E+00   4.9260E-02   2.4859E-01
 200   2.0000E+01   3.0985E+02   1.0000E+00   1.0328E+02   3.0985E+02   1.0328E+02   1.0000E+00   4.9260E-02   2.4859E-01
 201   2.0100E+01   3.0985E+02   1.0000E+00   1.0328E+02   3.0985E+02   1.0328E+02   1.0000E+00   4.9260E-02   2.4859E-01
 202   2.0200E+01   3.0985E+02   1.0000E+00   1.0328E+02   3.0985E+02   1.0328E+02   1.0000E+00   4.9260E-02   2.4859E-01
 203   2.0300E+01   3.0985E+02   1.0000E+00   1.0328E+02   3.0985E+02   1.0328E+02   1.0000E+00   4.9260E-02   2.4859E-01
 204   2.0400E+01   3.0985E+02   1.0000E+00   1.0328E+02   3.0985E+02   1.0328E+02   1.0000E+00   4.9260E-02   2.4859E-01
 205   2.0500E+01   3.0985E+02   1.0000E+00   1.0328E+02   3.0985E+02   1.0328E+02   1.0000E+00   4.9260E-02   2.4859E-01
 206   2.0600E+01   3.0985E+02   1.0000E+00   1.0328E+02   3.0985E+02   1.0328E+02   1.0000E+00   4.9260E-02   2.4859E-01
 207   2.0700E+01   3.0985E+02   1.0000E+00   1.0328E+02   3.0985E+02   1.0328E+02   1.0000E+00   4.9260E-02   2.4859E-01
 208   2.0800E+01   3.0985E+02   1.0000E+00   1.0328E+02   3.0985E+02   1.0328E+02   1.0000E+00   4.9260E-02   2.4859E-01
 209   2.0900E+01   3.0985E+02   1.0000E+00   1.0328E+02   3.0985E+02   1.0328E+02   1.0000E+00   4.9260E-02   2.4859E-01
 210   2.1000E+01   3.0985E+02   1.0000E+00   1.0328E+02   3.0985E+02   1.0328E+02   1.0000E+00   4.9260E-02   2.4859E-01
 211   2.1100E+01   3.0985E+02   1.0000E+00   1.0328E+02   3.0985E+02   1.0328E+02   1.0000E+00   4.9260E-02   2.4859E-01
 212   2.1200E+01   3.0985E+02   1.0000E+00   1.0328E+02   3.0985E+02   1.0328E+02   1.0000E+00   4.9260E-02   2.4859E-01
 213   2.1300E+01   3.0985E+02   1.0000E+00   1.0328E+02   3.0985E+02   1.0328E+02   1.0000E+00   4.9260E-02   2.4859E-01
 214   2.1400E+01   3.0985E+02   1.0000E+00   1.0328E+02   3.0985E+02   1.0328E+02   1.0000E+00   4.9260E-02   2.4859E-01
 215   2.1500E+01   3.0985E+02   1.0000E+00   1.0328E+02   3.0985E+02   1.0328E+02   1.0000E+00   4.9260E-02   2.4859E-01
 216   2.1600E+01   3.0985E+02   1.0000E+00   1.0328E+02   3.0985E+02   1.0328E+02   1.0000E+00   4.9260E-02   2.4859E-01
 217   2.1700E+01   3.0985E+02   1.0000E+00   1.0328E+02   3.0985E+02   1.0328E+02   1.0000E+00   4.9260E-02   2.4859E-01
 218   2.1800E+01   3.0985E+02   1.0000E+00   1.0328E+02   3.0985E+02   1.0328E+02   1.0000E+00   4.9260E-02   2.4859E-01
 219   2.1900E+01   3.0985E+02   1.0000E+00   1.0328E+02   3.0985E+02   1.0328E+02   1.0000E+00   4.9260E-02   2.4859E-01
 220   2.2000E+01   3.0985E+02   1.0000E+00   1.0328E+02   3.0985E+02   1.0328E+02   1.0000E+00   4.9260E-02   2.4859E-01
 221   2.2100E+01   3.0985E+02   1.0000E+00   1.0328E+02   3.0985E+02   1.0328E+02   1.0000E+00   4.9260E-02   2.4859E-01
 222   2.2200E+01   3.0985E+02   1.0000E+00   1.0328E+02   3.0985E+02   1.0328E+02   1.0000E+00   4.9260E-02   2.4859E-01
 223   2.2300E+01   3.0985E+02   1.0000E+00   1.0328E+02   3.0985E+02   1.0328E+02   1.0000E+00   4.9260E-02   2.4859E-01
 224   2.2400E+01   3.0985E+02   1.0000E+00   1.0328E+02   3.0985E+02   1.0328E+02   1.0000E+00   4.9260E-02   2.4859E-01
 225   2.2500E+01   3.0985E+02   1.0000E+00   1.0328E+02   3.0985E+02   1.0328E+02   1.0000E+00   4.9260E-02   2.4859E-01
 226   2.2600E+01   3.0985E+02   1.0000E+00   1.0328E+02   3.0985E+02   1.0328E+02   1.0000E+00   4.9260E-02   2.4859E-01
 227   2.2700E+01   3.0985E+02   1.0000E+00   1.0328E+02   3.0985E+02   1.0328E+02   1.0000E+00   4.9260E-02   2.4859E-01
 228   2.2800E+01   3.0985E+02   1.0000E+00   1.0328E+02   3.0985E+02   1.0328E+02   1.0000E+00   4.9260E-02   2.4859E-01
 229   2.2900E+01   3.0985E+02   1.0000E+00   1.0328E+02   3.0985E+02   1.0328E+02   1.0000E+00   4.9260E-02   2.4859E-01
 230   2.3000E+01   3.0985E+02   1.0000E+00   1.0328E+02   3.0985E+02   1.0328E+02   1.0000E+00   4.9260E-02   2.4859E-01
 231   2.3100E+01   3.0985E+02   1.0000E+00   1.0328E+02   3.0985E+02   1.0328E+02   1.0000E+00   4.9260E-02   2.4859E-01
 232   2.3200E+01   3.0985E+02   1.0000E+00   1.0328E+02   3.0985E+02   1.0328E+02   1.0000E+00   4.9260E-02   2.4859E-01
 233   2.3300E+01   3.0985E+02   1.0000E+00   1.0328E+02   3.0985E+02   1.0328E+02   1.0000E+00   4.9260E-02   2.4859E-01
 234   2.3400E+01   3.0985E+02   1.0000E+00   1.0328E+02   3.0985E+02   1.0328E+02   1.0000E+00   4.9260E-02   2.4859E-01
 235   2.3500E+01   3.0985E+02   1.0000E+00   1.0328E+02   3.0985E+02   1.0328E+02   1.0000E+00   4.9260E-02   2.4859E-01
 236   2.3600E+01   3.0985E+02   1.0000E+00   1.0328E+02   3.0985E+02   1.0328E+02   1.0000E+00   4.9260E-02   2.4859E-01
 237   2.3700E+01   3.0985E+02   1.0000E+00   1.0328E+02   3.0985E+02   1.0328E+02   1.0000E+00   4.9260E-02   2.4859E-01
 238   2.3800E+01   3.0985E+02   1.0000E+00   1.0328E+02   3.0985E+02   1.0328E+02   1.0000E+00   4.9260E-02   2.4859E-01
 239   2.3900E+01   3.0985E+02   1.0000E+00   1.0328E+02   3.0985E+02   1.0328E+02   1.0000E+00   4.9260E-02   2.4859E-01
 240   2.4000E+01   3.0985E+02   1.0000E+00   1.0328E+02   3.0985E+02   1.0328E+02   1.0000E+00   4.9260E-02   2.4859E-01
 241   2.4100E+01   3.0985E+02   1.0000E+00   1.0328E+02   3.0985E+02   1.0328E+02   1.0000E+00   4.9260E-02   2.4859E-01
 242   2.4200E+01   3.0985E+02   1.0000E+00   1.0328E+02   3.0985E+02   1.0328E+02   1.0000E+00   4.9260E-02   2.4859E-01
 243   2.4300E+01   3.0985E+02   1.0000E+00   1.0328E+02   3.0985E+02   1.0328E+02   1.0000E+00   4.9260E-02   2.4859E-01
 244   2.4400E+01   3.0985E+02   1.0000E+00   1.0328E+02   3.0985E+02   1.0328E+02   1.0000E+00   4.9260E-02   2.4859E-01
 245   2.4500E+01   3.0985E+02   1.0000E+00   1.0328E+02   3.0985E+02   1.0328E+02   1.0000E+00   4.9260E-02   2.4859E-01
 246   2.4600E+01   3.0985E+02   1.0000E+00   1.0328E+02   3.0985E+02   1.0328E+02   1.0000E+00   4.9260E-02   2.4859E-01
 247   2.4700E+01   3.0985E+02   1.0000E+00   1.0328E+02   3.0981E+02   1.0327E+02   1.0000E+00   4.9262E-02   2.4859E-01
 248   2.4800E+01   3.0985E+02   1.0000E+00   1.0328E+02   3.0985E+02   1.0328E+02   1.0000E+00   4.9260E-02   2.4859E-01
 249   2.4900E+01   2.9913E+02   1.0000E+00   9.9709E+01   3.2703E+02   1.0901E+02   1.0000E+00   4.8382E-02   2.5187E-01
 250   2.5000E+01   9.9678E+01   1.0000E+00   3.3226E+01   8.6782E+01   2.8927E+01   1.0000E+00   7.5290E-02   3.6209E-01
 251   2.6000E+01   6.5607E-01   1.0039E+03   2.1954E+02   4.3519E-01   1.4563E+02   1.0039E+03   4.4157E+02   1.9410E+00
 252   2.7000E+01   3.1595E-01   1.0039E+03   1.0573E+02   3.0589E-01   1.0236E+02   1.0039E+03   4.9664E+02   2.4681E+00
 253   2.8000E+01   3.0865E-01   1.0039E+03   1.0328E+02   3.0859E-01   1.0326E+02   1.0039E+03   4.9519E+02   2.4908E+00
 254   2.9000E+01   3.0865E-01   1.0039E+03   1.0328E+02   3.0866E-01   1.0329E+02   1.0039E+03   4.9515E+02   2.4908E+00
 255   3.0000E+01   3.0865E-01   1.0039E+03   1.0328E+02   3.0865E-01   1.0328E+02   1.0039E+03   4.9516E+02   2.4908E+00
 256   3.1000E+01   3.0865E-01   1.0039E+03   1.0328E+02   3.0865E-01   1.0328E+02   1.0039E+03   4.9516E+02   2.4908E+00
 257   3.2000E+01   3.0865E-01   1.0039E+03   1.0328E+02   3.0865E-01   1.0328E+02   1.0039E+03   4.9516E+02   2.4908E+00
 258   3.3000E+01   3.0865E-01   1.0039E+03   1.0328E+02   3.0865E-01   1.0328E+02   1.0039E+03   4.9516E+02   2.4908E+00
 259   3.4000E+01   3.0865E-01   1.0039E+03   1.0328E+02   3.0865E-01   1.0328E+02   1.0039E+03   4.9516E+02   2.4908E+00
 260   3.5000E+01   3.0865E-01   1.0039E+03   1.0328E+02   3.0865E-01   1.0328E+02   1.0039E+03   4.9516E+02   2.4908E+00
 261   3.6000E+01   3.0865E-01   1.0039E+03   1.0328E+02   3.0865E-01   1.0328E+02   1.0039E+03   4.9516E+02   2.4908E+00
 262   3.7000E+01   3.0865E-01   1.0039E+03   1.0328E+02   3.0865E-01   1.0328E+02   1.0039E+03   4.9516E+02   2.4908E+00
 263   3.8000E+01   3.0865E-01   1.0039E+03   1.0328E+02   3.0865E-01   1.0328E+02   1.0039E+03   4.9516E+02   2.4908E+00
 264   3.9000E+01   3.0865E-01   1.0039E+03   1.0328E+02   3.0865E-01   1.0328E+02   1.0039E+03   4.9516E+02   2.4908E+00
 265   4.0000E+01   3.0865E-01   1.0039E+03   1.0328E+02   3.0865E-01   1.0328E+02   1.0039E+03   4.9516E+02   2.4908E+00
 266   4.1000E+01   3.0865E-01   1.0039E+03   1.0328E+02   3.0865E-01   1.0328E+02   1.0039E+03   4.9516E+02   2.4908E+00
 267   4.2000E+01   3.0865E-01   1.0039E+03   1.0328E+02   3.0865E-01   1.0328E+02   1.0039E+03   4.9516E+02   2.4908E+00
 268   4.3000E+01   3.0865E-01   1.0039E+03   1.0328E+02   3.0865E-01   1.0328E+02   1.0039E+03   4.9516E+02   2.4908E+00
 269   4.4000E+01   3.0865E-01   1.0039E+03   1.0328E+02   3.0865E-01   1.0328E+02   1.0039E+03   4.9516E+02   2.4908E+00
 270   4.5000E+01   3.0865E-01   1.0039E+03   1.0328E+02   3.0865E-01   1.0328E+02   1.0039E+03   4.9516E+02   2.4908E+00
 271   4.6000E+01   3.0865E-01   1.0039E+03   1.0328E+02   3.0865E-01   1.0328E+02   1.0039E+03   4.9516E+02   2.4908E+00
 272   4.7000E+01   3.0865E-01   1.0039E+03   1.0328E+02   3.0865E-01   1.0328E+02   1.0039E+03   4.9516E+02   2.4908E+00
 273   4.8000E+01   3.0865E-01   1.0039E+03   1.0328E+02   3.0865E-01   1.0328E+02   1.0039E+03   4.9516E+02   2.4908E+00
 274   4.9000E+01   3.0865E-01   1.0039E+03   1.0328E+02   3.0865E-01   1.0328E+02   1.0039E+03   4.9516E+02   2.4908E+00
 275   5.0000E+01   3.0865E-01   1.0039E+03   1.0328E+02   3.0865E-01   1.0328E+02   1.0039E+03   4.9516E+02   2.4908E+00
 276   5.1000E+01   3.0865E-01   1.0039E+03   1.0328E+02   3.0865E-01   1.0328E+02   1.0039E+03   4.9516E+02   2.4908E+00
 277   5.2000E+01   3.0865E-01   1.0039E+03   1.0328E+02   3.0865E-01   1.0328E+02   1.0039E+03   4.9516E+02   2.4908E+00
 278   5.3000E+01   3.0865E-01   1.0039E+03   1.0328E+02   3.0865E-01   1.0328E+02   1.0039E+03   4.9516E+02   2.4908E+00
 279   5.4000E+01   3.0865E-01   1.0039E+03   1.0328E+02   3.0865E-01   1.0328E+02   1.0039E+03   4.9516E+02   2.4908E+00
 280   5.5000E+01   3.0865E-01   1.0039E+03   1.0328E+02   3.0865E-01   1.0328E+02   1.0039E+03   4.9516E+02   2.4908E+00
 281   5.6000E+01   3.0865E-01   1.0039E+03   1.0328E+02   3.0865E-01   1.0328E+02   1.0039E+03   4.9516E+02   2.4908E+00
 282   5.7000E+01   3.0865E-01   1.0039E+03   1.0328E+02   3.0865E-01   1.0328E+02   1.0039E+03   4.9516E+02   2.4908E+00
 283   5.8000E+01   3.0865E-01   1.0039E+03   1.0328E+02   3.0865E-01   1.0328E+02   1.0039E+03   4.9516E+02   2.4908E+00
 284   5.9000E+01   3.0865E-01   1.0039E+03   1.0328E+02   3.0865E-01   1.0328E+02   1.0039E+03   4.9516E+02   2.4908E+00
 285   6.0000E+01   3.0865E-01   1.0039E+03   1.0328E+02   3.0865E-01   1.0328E+02   1.0039E+03   4.9516E+02   2.4908E+00
 286   6.1000E+01   3.0865E-01   1.0039E+03   1.0328E+02   3.0865E-01   1.0328E+02   1.0039E+03   4.9516E+02   2.4908E+00
 287   6.2000E+01   3.0865E-01   1.0039E+03   1.0328E+02   3.0865E-01   1.0328E+02   1.0039E+03   4.9516E+02   2.4908E+00
 288   6.3000E+01   3.0865E-01   1.0039E+03   1.0328E+02   3.0865E-01   1.0328E+02   1.0039E+03   4.9516E+02   2.4908E+00
 289   6.4000E+01   3.0865E-01   1.0039E+03   1.0328E+02   3.0865E-01   1.0328E+02   1.0039E+03   4.9516E+02   2.4908E+00
 290   6.5000E+01   3.0865E-01   1.0039E+03   1.0328E+02   3.0865E-01   1.0328E+02   1.0039E+03   4.9516E+02   2.4908E+00
 291   6.6000E+01   3.0865E-01   1.0039E+03   1.0328E+02   3.0865E-01   1.0328E+02   1.0039E+03   4.9516E+02   2.4908E+00
 292   6.7000E+01   3.0865E-01   1.0039E+03   1.0328E+02   3.0865E-01   1.0328E+02   1.0039E+03   4.9516E+02   2.4908E+00
 293   6.8000E+01   3.0865E-01   1.0039E+03   1.0328E+02   3.0865E-01   1.0328E+02   1.0039E+03   4.9516E+02   2.4908E+00
 294   6.9000E+01   3.0865E-01   1.0039E+03   1.0328E+02   3.0865E-01   1.0328E+02   1.0039E+03   4.9516E+02   2.4908E+00
 295   7.0000E+01   3.0865E-01   1.0039E+03   1.0328E+02   3.0865E-01   1.0328E+02   1.0039E+03   4.9516E+02   2.4908E+00
 296   7.1000E+01   3.0865E-01   1.0039E+03   1.0328E+02   3.0865E-01   1.0328E+02   1.0039E+03   4.9516E+02   2.4908E+00
 297   7.2000E+01   3.0865E-01   1.0039E+03   1.0328E+02   3.0865E-01   1.0328E+02   1.0039E+03   4.9516E+02   2.4908E+00
 298   7.3000E+01   3.0865E-01   1.0039E+03   1.0328E+02   3.0865E-01   1.0328E+02   1.0039E+03   4.9516E+02   2.4908E+00
 299   7.4000E+01   3.0865E-01   1.0039E+03   1.0328E+02   3.0865E-01   1.0328E+02   1.0039E+03   4.9516E+02   2.4908E+00
 300   7.5000E+01   3.0865E-01   1.0039E+03   1.0328E+02   3.0865E-01   1.0328E+02   1.0039E+03   4.9516E+02   2.4908E+00
 301   7.6000E+01   3.0865E-01   1.0039E+03   1.0328E+02   3.0865E-01   1.0328E+02   1.0039E+03   4.9516E+02   2.4908E+00
 302   7.7000E+01   3.0865E-01   1.0039E+03   1.0328E+02   3.0865E-01   1.0328E+02   1.0039E+03   4.9516E+02   2.4908E+00
 303   7.8000E+01   3.0865E-01   1.0039E+03   1.0328E+02   3.0865E-01   1.0328E+02   1.0039E+03   4.9516E+02   2.4908E+00
 304   7.9000E+01   3.0865E-01   1.0039E+03   1.0328E+02   3.0865E-01   1.0328E+02   1.0039E+03   4.9516E+02   2.4908E+00
 305   8.0000E+01   3.0865E-01   1.0039E+03   1.0328E+02   3.0865E-01   1.0328E+02   1.0039E+03   4.9516E+02   2.4908E+00
 306   8.1000E+01   3.0865E-01   1.0039E+03   1.0328E+02   3.0865E-01   1.0328E+02   1.0039E+03   4.9516E+02   2.4908E+00
 307   8.2000E+01   3.0865E-01   1.0039E+03   1.0328E+02   3.0865E-01   1.0328E+02   1.0039E+03   4.9516E+02   2.4908E+00
 308   8.3000E+01   3.0865E-01   1.0039E+03   1.0328E+02   3.0865E-01   1.0328E+02   1.0039E+03   4.9516E+02   2.4908E+00
 309   8.4000E+01   3.0865E-01   1.0039E+03   1.0328E+02   3.0865E-01   1.0328E+02   1.0039E+03   4.9516E+02   2.4908E+00
 310   8.5000E+01   3.0865E-01   1.0039E+03   1.0328E+02   3.0865E-01   1.0328E+02   1.0039E+03   4.9516E+02   2.4908E+00
 311   8.6000E+01   3.0865E-01   1.0039E+03   1.0328E+02   3.0865E-01   1.0328E+02   1.0039E+03   4.9516E+02   2.4908E+00
 312   8.7000E+01   3.0865E-01   1.0039E+03   1.0328E+02   3.0865E-01   1.0328E+02   1.0039E+03   4.9516E+02   2.4908E+00
 313   8.8000E+01   3.0865E-01   1.0039E+03   1.0328E+02   3.0865E-01   1.0328E+02   1.0039E+03   4.9516E+02   2.4908E+00
 314   8.9000E+01   3.0865E-01   1.0039E+03   1.0328E+02   3.0865E-01   1.0328E+02   1.0039E+03   4.9516E+02   2.4908E+00
 315   9.0000E+01   3.0865E-01   1.0039E+03   1.0328E+02   3.0865E-01   1.0328E+02   1.0039E+03   4.9516E+02   2.4908E+00
 316   9.1000E+01   3.0865E-01   1.0039E+03   1.0328E+02   3.0865E-01   1.0328E+02   1.0039E+03   4.9516E+02   2.4908E+00
 317   9.2000E+01   3.0865E-01   1.0039E+03   1.0328E+02   3.0865E-01   1.0328E+02   1.0039E+03   4.9516E+02   2.4908E+00
 318   9.3000E+01   3.0865E-01   1.0039E+03   1.0328E+02   3.0865E-01   1.0328E+02   1.0039E+03   4.9516E+02   2.4908E+00
 319   9.4000E+01   3.0865E-01   1.0039E+03   1.0328E+02   3.0865E-01   1.0328E+02   1.0039E+03   4.9516E+02   2.4908E+00
 320   9.5000E+01   3.0865E-01   1.0039E+03   1.0328E+02   3.0865E-01   1.0328E+02   1.0039E+03   4.9516E+02   2.4908E+00
 321   9.6000E+01   3.0865E-01   1.0039E+03   1.0328E+02   3.0865E-01   1.0328E+02   1.0039E+03   4.9516E+02   2.4908E+00
 322   9.7000E+01   3.0865E-01   1.0039E+03   1.0328E+02   3.0865E-01   1.0328E+02   1.0039E+03   4.9516E+02   2.4908E+00
 323   9.8000E+01   3.0865E-01   1.0039E+03   1.0328E+02   3.0865E-01   1.0328E+02   1.0039E+03   4.9516E+02   2.4908E+00
 324   9.9000E+01   3.0865E-01   1.0039E+03   1.0328E+02   3.0865E-01   1.0328E+02   1.0039E+03   4.9516E+02   2.4908E+00
 325   1.0000E+02   3.0865E-01   1.0039E+03   1.0328E+02   3.0865E-01   1.0328E+02   1.0039E+03   4.9516E+02   2.4908E+00
 326   1.0100E+02   3.0865E-01   1.0039E+03   1.0328E+02   3.0865E-01   1.0328E+02   1.0039E+03   4.9516E+02   2.4908E+00
 327   1.0200E+02   3.0865E-01   1.0039E+03   1.0328E+02   3.0865E-01   1.0328E+02   1.0039E+03   4.9516E+02   2.4908E+00
 328   1.0300E+02   3.0865E-01   1.0039E+03   1.0328E+02   3.0865E-01   1.0328E+02   1.0039E+03   4.9516E+02   2.4908E+00
 329   1.0400E+02   3.0865E-01   1.0039E+03   1.0328E+02   3.0865E-01   1.0328E+02   1.0039E+03   4.9516E+02   2.4908E+00
 330   1.0500E+02   3.0865E-01   1.0039E+03   1.0328E+02   3.0865E-01   1.0328E+02   1.0039E+03   4.9516E+02   2.4908E+00
 331   1.0600E+02   3.0865E-01   1.0039E+03   1.0328E+02   3.0865E-01   1.0328E+02   1.0039E+03   4.9516E+02   2.4908E+00
 332   1.0700E+02   3.0865E-01   1.0039E+03   1.0328E+02   3.0865E-01   1.0328E+02   1.0039E+03   4.9516E+02   2.4908E+00
 333   1.0800E+02   3.0865E-01   1.0039E+03   1.0328E+02   3.0865E-01   1.0328E+02   1.0039E+03   4.9516E+02   2.4908E+00
 334   1.0900E+02   3.0865E-01   1.0039E+03   1.0328E+02   3.0865E-01   1.0328E+02   1.0039E+03   4.9516E+02   2.4908E+00
 335   1.1000E+02   3.0865E-01   1.0039E+03   1.0328E+02   3.0865E-01   1.0328E+02   1.0039E+03   4.9516E+02   2.4908E+00
 336   1.1100E+02   3.0865E-01   1.0039E+03   1.0328E+02   3.0865E-01   1.0328E+02   1.0039E+03   4.9516E+02   2.4908E+00
 337   1.1200E+02   3.0865E-01   1.0039E+03   1.0328E+02   3.0865E-01   1.0328E+02   1.0039E+03   4.9516E+02   2.4908E+00
 338   1.1300E+02   3.0865E-01   1.0039E+03   1.0328E+02   3.0865E-01   1.0328E+02   1.0039E+03   4.9516E+02   2.4908E+00
 339   1.1400E+02   3.0865E-01   1.0039E+03   1.0328E+02   3.0865E-01   1.0328E+02   1.0039E+03   4.9516E+02   2.4908E+00
 340   1.1500E+02   3.0865E-01   1.0039E+03   1.0328E+02   3.0865E-01   1.0328E+02   1.0039E+03   4.9516E+02   2.4908E+00
 341   1.1600E+02   3.0865E-01   1.0039E+03   1.0328E+02   3.0865E-01   1.0328E+02   1.0039E+03   4.9516E+02   2.4908E+00
 342   1.1700E+02   3.0865E-01   1.0039E+03   1.0328E+02   3.0865E-01   1.0328E+02   1.0039E+03   4.9516E+02   2.4908E+00
 343   1.1800E+02   3.0865E-01   1.0039E+03   1.0328E+02   3.0865E-01   1.0328E+02   1.0039E+03   4.9516E+02   2.4908E+00
 344   1.1900E+02   3.0865E-01   1.0039E+03   1.0328E+02   3.0865E-01   1.0328E+02   1.0039E+03   4.9516E+02   2.4908E+00
 345   1.2000E+02   3.0865E-01   1.0039E+03   1.0328E+02   3.0865E-01   1.0328E+02   1.0039E+03   4.9516E+02   2.4908E+00
 346   1.2100E+02   3.0865E-01   1.0039E+03   1.0328E+02   3.0865E-01   1.0328E+02   1.0039E+03   4.9516E+02   2.4908E+00
 347   1.2200E+02   3.0865E-01   1.0039E+03   1.0328E+02   3.0865E-01   1.0328E+02   1.0039E+03   4.9516E+02   2.4908E+00
 348   1.2300E+02   3.0865E-01   1.0039E+03   1.0328E+02   3.0865E-01   1.0328E+02   1.0039E+03   4.9516E+02   2.4908E+00
 349   1.2400E+02   3.0865E-01   1.0039E+03   1.0328E+02   3.0865E-01   1.0328E+02   1.0039E+03   4.9516E+02   2.4908E+00
 350   1.2500E+02   3.0865E-01   1.0039E+03   1.0328E+02   3.0865E-01   1.0328E+02   1.0039E+03   4.9516E+02   2.4908E+00
 351   1.2600E+02   3.0865E-01   1.0039E+03   1.0328E+02   3.0865E-01   1.0328E+02   1.0039E+03   4.9516E+02   2.4908E+00
 352   1.2700E+02   3.0865E-01   1.0039E+03   1.0328E+02   3.0865E-01   1.0328E+02   1.0039E+03   4.9516E+02   2.4908E+00
 353   1.2800E+02   3.0865E-01   1.0039E+03   1.0328E+02   3.0865E-01   1.0328E+02   1.0039E+03   4.9516E+02   2.4908E+00
 354   1.2900E+02   3.0865E-01   1.0039E+03   1.0328E+02   3.0865E-01   1.0328E+02   1.0039E+03   4.9516E+02   2.4908E+00
 355   1.3000E+02   3.0865E-01   1.0039E+03   1.0328E+02   3.0865E-01   1.0328E+02   1.0039E+03   4.9516E+02   2.4908E+00
 356   1.3100E+02   3.0865E-01   1.0039E+03   1.0328E+02   3.0865E-01   1.0328E+02   1.0039E+03   4.9516E+02   2.4908E+00
 357   1.3200E+02   3.0865E-01   1.0039E+03   1.0328E+02   3.0865E-01   1.0328E+02   1.0039E+03   4.9516E+02   2.4908E+00
 358   1.3300E+02   3.0865E-01   1.0039E+03   1.0328E+02   3.0865E-01   1.0328E+02   1.0039E+03   4.9516E+02   2.4908E+00
 359   1.3400E+02   3.0865E-01   1.0039E+03   1.0328E+02   3.0865E-01   1.0328E+02   1.0039E+03   4.9516E+02   2.4908E+00
 360   1.3500E+02   3.0865E-01   1.0039E+03   1.0328E+02   3.0865E-01   1.0328E+02   1.0039E+03   4.9516E+02   2.4908E+00
 361   1.3600E+02   3.0865E-01   1.0039E+03   1.0328E+02   3.0865E-01   1.0328E+02   1.0039E+03   4.9516E+02   2.4908E+00
 362   1.3700E+02   3.0865E-01   1.0039E+03   1.0328E+02   3.0865E-01   1.0328E+02   1.0039E+03   4.9516E+02   2.4908E+00
 363   1.3800E+02   3.0865E-01   1.0039E+03   1.0328E+02   3.0865E-01   1.0328E+02   1.0039E+03   4.9516E+02   2.4908E+00
 364   1.3900E+02   3.0865E-01   1.0039E+03   1.0328E+02   3.0865E-01   1.0328E+02   1.0039E+03   4.9516E+02   2.4908E+00
 365   1.4000E+02   3.0865E-01   1.0039E+03   1.0328E+02   3.0865E-01   1.0328E+02   1.0039E+03   4.9516E+02   2.4908E+00
 366   1.4100E+02   3.0865E-01   1.0039E+03   1.0328E+02   3.0865E-01   1.0328E+02   1.0039E+03   4.9516E+02   2.4908E+00
 367   1.4200E+02   3.0865E-01   1.0039E+03   1.0328E+02   3.0865E-01   1.0328E+02   1.0039E+03   4.9516E+02   2.4908E+00
 368   1.4300E+02   3.0865E-01   1.0039E+03   1.0328E+02   3.0865E-01   1.0328E+02   1.0039E+03   4.9516E+02   2.4908E+00
 369   1.4400E+02   3.0865E-01   1.0039E+03   1.0328E+02   3.0865E-01   1.0328E+02   1.0039E+03   4.9516E+02   2.4908E+00
 370   1.4500E+02   3.0865E-01   1.0039E+03   1.0328E+02   3.0865E-01   1.0328E+02   1.0039E+03   4.9516E+02   2.4908E+00
 371   1.4600E+02   3.0865E-01   1.0039E+03   1.0328E+02   3.0865E-01   1.0328E+02   1.0039E+03   4.9516E+02   2.4908E+00
 372   1.4700E+02   3.0865E-01   1.0039E+03   1.0328E+02   3.0865E-01   1.0328E+02   1.0039E+03   4.9516E+02   2.4908E+00
 373   1.4800E+02   3.0865E-01   1.0039E+03   1.0328E+02   3.0865E-01   1.0328E+02   1.0039E+03   4.9516E+02   2.4908E+00
 374   1.4900E+02   3.0865E-01   1.0039E+03   1.0328E+02   3.0865E-01   1.0328E+02   1.0039E+03   4.9516E+02   2.4908E+00
 375   1.5000E+02   3.0865E-01   1.0039E+03   1.0328E+02   3.0865E-01   1.0328E+02   1.0039E+03   4.9516E+02   2.4908E+00
 376   1.5100E+02   3.0865E-01   1.0039E+03   1.0328E+02   3.0865E-01   1.0328E+02   1.0039E+03   4.9516E+02   2.4908E+00
 377   1.5200E+02   3.0865E-01   1.0039E+03   1.0328E+02   3.0865E-01   1.0328E+02   1.0039E+03   4.9516E+02   2.4908E+00
 378   1.5300E+02   3.0865E-01   1.0039E+03   1.0328E+02   3.0865E-01   1.0328E+02   1.0039E+03   4.9516E+02   2.4908E+00
 379   1.5400E+02   3.0865E-01   1.0039E+03   1.0328E+02   3.0865E-01   1.0328E+02   1.0039E+03   4.9516E+02   2.4908E+00
 380   1.5500E+02   3.0865E-01   1.0039E+03   1.0328E+02   3.0865E-01   1.0328E+02   1.0039E+03   4.9516E+02   2.4908E+00
 381   1.5600E+02   3.0865E-01   1.0039E+03   1.0328E+02   3.0865E-01   1.0328E+02   1.0039E+03   4.9516E+02   2.4908E+00
 382   1.5700E+02   3.0865E-01   1.0039E+03   1.0328E+02   3.0865E-01   1.0328E+02   1.0039E+03   4.9516E+02   2.4908E+00
 383   1.5800E+02   3.0865E-01   1.0039E+03   1.0328E+02   3.0865E-01   1.0328E+02   1.0039E+03   4.9516E+02   2.4908E+00
 384   1.5900E+02   3.0865E-01   1.0039E+03   1.0328E+02   3.0865E-01   1.0328E+02   1.0039E+03   4.9516E+02   2.4908E+00
 385   1.6000E+02   3.0865E-01   1.0039E+03   1.0328E+02   3.0865E-01   1.0328E+02   1.0039E+03   4.9516E+02   2.4908E+00
 386   1.6100E+02   3.0865E-01   1.0039E+03   1.0328E+02   3.0865E-01   1.0328E+02   1.0039E+03   4.9516E+02   2.4908E+00
 387   1.6200E+02   3.0865E-01   1.0039E+03   1.0328E+02   3.0865E-01   1.0328E+02   1.0039E+03   4.9516E+02   2.4908E+00
 388   1.6300E+02   3.0865E-01   1.0039E+03   1.0328E+02   3.0865E-01   1.0328E+02   1.0039E+03   4.9516E+02   2.4908E+00
 389   1.6400E+02   3.0865E-01   1.0039E+03   1.0328E+02   3.0865E-01   1.0328E+02   1.0039E+03   4.9516E+02   2.4908E+00
 390   1.6500E+02   3.0865E-01   1.0039E+03   1.0328E+02   3.0865E-01   1.0328E+02   1.0039E+03   4.9516E+02   2.4908E+00
 391   1.6600E+02   3.0865E-01   1.0039E+03   1.0328E+02   3.0865E-01   1.0328E+02   1.0039E+03   4.9516E+02   2.4908E+00
 392   1.6700E+02   3.0865E-01   1.0039E+03   1.0328E+02   3.0865E-01   1.0328E+02   1.0039E+03   4.9516E+02   2.4908E+00
 393   1.6800E+02   3.0865E-01   1.0039E+03   1.0328E+02   3.0865E-01   1.0328E+02   1.0039E+03   4.9516E+02   2.4908E+00
 394   1.6900E+02   3.0865E-01   1.0039E+03   1.0328E+02   3.0865E-01   1.0328E+02   1.0039E+03   4.9516E+02   2.4908E+00
 395   1.7000E+02   3.0865E-01   1.0039E+03   1.0328E+02   3.0865E-01   1.0328E+02   1.0039E+03   4.9516E+02   2.4908E+00
 396   1.7100E+02   3.0865E-01   1.0039E+03   1.0328E+02   3.0865E-01   1.0328E+02   1.0039E+03   4.9516E+02   2.4908E+00
 397   1.7200E+02   3.0865E-01   1.0039E+03   1.0328E+02   3.0865E-01   1.0328E+02   1.0039E+03   4.9516E+02   2.4908E+00
 398   1.7300E+02   3.0865E-01   1.0039E+03   1.0328E+02   3.0865E-01   1.0328E+02   1.0039E+03   4.9516E+02   2.4908E+00
 399   1.7400E+02   3.0865E-01   1.0039E+03   1.0328E+02   3.0865E-01   1.0328E+02   1.0039E+03   4.9516E+02   2.4908E+00
 400   1.7500E+02   3.0865E-01   1.0039E+03   1.0328E+02   3.0865E-01   1.0328E+02   1.0039E+03   4.9516E+02   2.4908E+00
 401   1.7600E+02   3.0865E-01   1.0039E+03   1.0328E+02   3.0865E-01   1.0328E+02   1.0039E+03   4.9516E+02   2.4908E+00
 402   1.7700E+02   3.0865E-01   1.0039E+03   1.0328E+02   3.0865E-01   1.0328E+02   1.0039E+03   4.9516E+02   2.4908E+00
 403   1.7800E+02   3.0865E-01   1.0039E+03   1.0328E+02   3.0865E-01   1.0328E+02   1.0039E+03   4.9516E+02   2.4908E+00
 404   1.7900E+02   3.0865E-01   1.0039E+03   1.0328E+02   3.0865E-01   1.0328E+02   1.0039E+03   4.9516E+02   2.4908E+00
 405   1.8000E+02   3.0865E-01   1.0039E+03   1.0328E+02   3.0865E-01   1.0328E+02   1.0039E+03   4.9516E+02   2.4908E+00
 406   1.8100E+02   3.0865E-01   1.0039E+03   1.0328E+02   3.0865E-01   1.0328E+02   1.0039E+03   4.9516E+02   2.4908E+00
 407   1.8200E+02   3.0865E-01   1.0039E+03   1.0328E+02   3.0865E-01   1.0328E+02   1.0039E+03   4.9516E+02   2.4908E+00
 408   1.8300E+02   3.0865E-01   1.0039E+03   1.0328E+02   3.0865E-01   1.0328E+02   1.0039E+03   4.9516E+02   2.4908E+00
 409   1.8400E+02   3.0865E-01   1.0039E+03   1.0328E+02   3.0865E-01   1.0328E+02   1.0039E+03   4.9516E+02   2.4908E+00
 410   1.8500E+02   3.0865E-01   1.0039E+03   1.0328E+02   3.0865E-01   1.0328E+02   1.0039E+03   4.9516E+02   2.4908E+00
 411   1.8600E+02   3.0865E-01   1.0039E+03   1.0328E+02   3.0865E-01   1.0328E+02   1.0039E+03   4.9516E+02   2.4908E+00
 412   1.8700E+02   3.0865E-01   1.0039E+03   1.0328E+02   3.0865E-01   1.0328E+02   1.0039E+03   4.9516E+02   2.4908E+00
 413   1.8800E+02   3.0865E-01   1.0039E+03   1.0328E+02   3.0865E-01   1.0328E+02   1.0039E+03   4.9516E+02   2.4908E+00
 414   1.8900E+02   3.0865E-01   1.0039E+03   1.0328E+02   3.0865E-01   1.0328E+02   1.0039E+03   4.9516E+02   2.4908E+00
 415   1.9000E+02   3.0865E-01   1.0039E+03   1.0328E+02   3.0865E-01   1.0328E+02   1.0039E+03   4.9516E+02   2.4908E+00
 416   1.9100E+02   3.0865E-01   1.0039E+03   1.0328E+02   3.0865E-01   1.0328E+02   1.0039E+03   4.9516E+02   2.4908E+00
 417   1.9200E+02   3.0865E-01   1.0039E+03   1.0328E+02   3.0865E-01   1.0328E+02   1.0039E+03   4.9516E+02   2.4908E+00
 418   1.9300E+02   3.0865E-01   1.0039E+03   1.0328E+02   3.0865E-01   1.0328E+02   1.0039E+03   4.9516E+02   2.4908E+00
 419   1.9400E+02   3.0865E-01   1.0039E+03   1.0328E+02   3.0865E-01   1.0328E+02   1.0039E+03   4.9516E+02   2.4908E+00
 420   1.9500E+02   3.0865E-01   1.0039E+03   1.0328E+02   3.0865E-01   1.0328E+02   1.0039E+03   4.9516E+02   2.4908E+00
 421   1.9600E+02   3.0865E-01   1.0039E+03   1.0328E+02   3.0865E-01   1.0328E+02   1.0039E+03   4.9516E+02   2.4908E+00
 422   1.9700E+02   3.0865E-01   1.0039E+03   1.0328E+02   3.0865E-01   1.0328E+02   1.0039E+03   4.9516E+02   2.4908E+00
 423   1.9800E+02   3.0865E-01   1.0039E+03   1.0328E+02   3.0865E-01   1.0328E+02   1.0039E+03   4.9516E+02   2.4908E+00
 424   1.9900E+02   3.0865E-01   1.0039E+03   1.0328E+02   3.0865E-01   1.0328E+02   1.0039E+03   4.9516E+02   2.4908E+00
 425   2.0000E+02   3.0865E-01   1.0039E+03   1.0328E+02   3.0865E-01   1.0328E+02   1.0039E+03   4.9516E+02   2.4908E+00
 426   2.0100E+02   3.0865E-01   1.0039E+03   1.0328E+02   3.0865E-01   1.0328E+02   1.0039E+03   4.9516E+02   2.4908E+00
 427   2.0200E+02   3.0865E-01   1.0039E+03   1.0328E+02   3.0865E-01   1.0328E+02   1.0039E+03   4.9516E+02   2.4908E+00
 428   2.0300E+02   3.0865E-01   1.0039E+03   1.0328E+02   3.0865E-01   1.0328E+02   1.0039E+03   4.9516E+02   2.4908E+00
 429   2.0400E+02   3.0865E-01   1.0039E+03   1.0328E+02   3.0865E-01   1.0328E+02   1.0039E+03   4.9516E+02   2.4908E+00
 430   2.0500E+02   3.0865E-01   1.0039E+03   1.0328E+02   3.0865E-01   1.0328E+02   1.0039E+03   4.9516E+02   2.4908E+00
 431   2.0600E+02   3.0865E-01   1.0039E+03   1.0328E+02   3.0865E-01   1.0328E+02   1.0039E+03   4.9516E+02   2.4908E+00
 432   2.0700E+02   3.0865E-01   1.0039E+03   1.0328E+02   3.0865E-01   1.0328E+02   1.0039E+03   4.9516E+02   2.4908E+00
 433   2.0800E+02   3.0865E-01   1.0039E+03   1.0328E+02   3.0865E-01   1.0328E+02   1.0039E+03   4.9516E+02   2.4908E+00
 434   2.0900E+02   3.0865E-01   1.0039E+03   1.0328E+02   3.0865E-01   1.0328E+02   1.0039E+03   4.9516E+02   2.4908E+00
 435   2.1000E+02   3.0865E-01   1.0039E+03   1.0328E+02   3.0865E-01   1.0328E+02   1.0039E+03   4.9516E+02   2.4908E+00
 436   2.1100E+02   3.0865E-01   1.0039E+03   1.0328E+02   3.0865E-01   1.0328E+02   1.0039E+03   4.9516E+02   2.4908E+00
 437   2.1200E+02   3.0865E-01   1.0039E+03   1.0328E+02   3.0865E-01   1.0328E+02   1.0039E+03   4.9516E+02   2.4908E+00
 438   2.1300E+02   3.0865E-01   1.0039E+03   1.0328E+02   3.0865E-01   1.0328E+02   1.0039E+03   4.9516E+02   2.4908E+00
 439   2.1400E+02   3.0865E-01   1.0039E+03   1.0328E+02   3.0865E-01   1.0328E+02   1.0039E+03   4.9516E+02   2.4908E+00
 440   2.1500E+02   3.0865E-01   1.0039E+03   1.0328E+02   3.0865E-01   1.0328E+02   1.0039E+03   4.9516E+02   2.4908E+00
 441   2.1600E+02   3.0865E-01   1.0039E+03   1.0328E+02   3.0865E-01   1.0328E+02   1.0039E+03   4.9516E+02   2.4908E+00
 442   2.1700E+02   3.0865E-01   1.0039E+03   1.0328E+02   3.0865E-01   1.0328E+02   1.0039E+03   4.9516E+02   2.4908E+00
 443   2.1800E+02   3.0865E-01   1.0039E+03   1.0328E+02   3.0865E-01   1.0328E+02   1.0039E+03   4.9516E+02   2.4908E+00
 444   2.1900E+02   3.0865E-01   1.0039E+03   1.0328E+02   3.0865E-01   1.0328E+02   1.0039E+03   4.9516E+02   2.4908E+00
 445   2.2000E+02   3.0865E-01   1.0039E+03   1.0328E+02   3.0865E-01   1.0328E+02   1.0039E+03   4.9516E+02   2.4908E+00
 446   2.2100E+02   3.0865E-01   1.0039E+03   1.0328E+02   3.0865E-01   1.0328E+02   1.0039E+03   4.9516E+02   2.4908E+00
 447   2.2200E+02   3.0865E-01   1.0039E+03   1.0328E+02   3.0865E-01   1.0328E+02   1.0039E+03   4.9516E+02   2.4908E+00
 448   2.2300E+02   3.0865E-01   1.0039E+03   1.0328E+02   3.0865E-01   1.0328E+02   1.0039E+03   4.9516E+02   2.4908E+00
 449   2.2400E+02   3.0865E-01   1.0039E+03   1.0328E+02   3.0865E-01   1.0328E+02   1.0039E+03   4.9516E+02   2.4908E+00
 450   2.2500E+02   3.0865E-01   1.0039E+03   1.0328E+02   3.0865E-01   1.0328E+02   1.0039E+03   4.9516E+02   2.4908E+00
 451   2.2600E+02   3.0865E-01   1.0039E+03   1.0328E+02   3.0865E-01   1.0328E+02   1.0039E+03   4.9516E+02   2.4908E+00
 452   2.2700E+02   3.0865E-01   1.0039E+03   1.0328E+02   3.0865E-01   1.0328E+02   1.0039E+03   4.9516E+02   2.4908E+00
 453   2.2800E+02   3.0865E-01   1.0039E+03   1.0328E+02   3.0865E-01   1.0328E+02   1.0039E+03   4.9516E+02   2.4908E+00
 454   2.2900E+02   3.0865E-01   1.0039E+03   1.0328E+02   3.0865E-01   1.0328E+02   1.0039E+03   4.9516E+02   2.4908E+00
 455   2.3000E+02   3.0865E-01   1.0039E+03   1.0328E+02   3.0865E-01   1.0328E+02   1.0039E+03   4.9516E+02   2.4908E+00
 456   2.3100E+02   3.0865E-01   1.0039E+03   1.0328E+02   3.0865E-01   1.0328E+02   1.0039E+03   4.9516E+02   2.4908E+00
 457   2.3200E+02   3.0865E-01   1.0039E+03   1.0328E+02   3.0865E-01   1.0328E+02   1.0039E+03   4.9516E+02   2.4908E+00
 458   2.3300E+02   3.0865E-01   1.0039E+03   1.0328E+02   3.0865E-01   1.0328E+02   1.0039E+03   4.9516E+02   2.4908E+00
 459   2.3400E+02   3.0865E-01   1.0039E+03   1.0328E+02   3.0865E-01   1.0328E+02   1.0039E+03   4.9516E+02   2.4908E+00
 460   2.3500E+02   3.0865E-01   1.0039E+03   1.0328E+02   3.0865E-01   1.0328E+02   1.0039E+03   4.9516E+02   2.4908E+00
 461   2.3600E+02   3.0865E-01   1.0039E+03   1.0328E+02   3.0865E-01   1.0328E+02   1.0039E+03   4.9516E+02   2.4908E+00
 462   2.3700E+02   3.0865E-01   1.0039E+03   1.0328E+02   3.0865E-01   1.0328E+02   1.0039E+03   4.9516E+02   2.4908E+00
 463   2.3800E+02   3.0865E-01   1.0039E+03   1.0328E+02   3.0865E-01   1.0328E+02   1.0039E+03   4.9516E+02   2.4908E+00
 464   2.3900E+02   3.0865E-01   1.0039E+03   1.0328E+02   3.0865E-01   1.0328E+02   1.0039E+03   4.9516E+02   2.4908E+00
 465   2.4000E+02   3.0865E-01   1.0039E+03   1.0328E+02   3.0865E-01   1.0328E+02   1.0039E+03   4.9516E+02   2.4908E+00
 466   2.4100E+02   3.0865E-01   1.0039E+03   1.0328E+02   3.0865E-01   1.0328E+02   1.0039E+03   4.9516E+02   2.4908E+00
 467   2.4200E+02   3.0865E-01   1.0039E+03   1.0328E+02   3.0865E-01   1.0328E+02   1.0039E+03   4.9516E+02   2.4908E+00
 468   2.4300E+02   3.0865E-01   1.0039E+03   1.0328E+02   3.0865E-01   1.0328E+02   1.0039E+03   4.9516E+02   2.4908E+00
 469   2.4400E+02   3.0865E-01   1.0039E+03   1.0328E+02   3.0865E-01   1.0328E+02   1.0039E+03   4.9516E+02   2.4908E+00
 470   2.4500E+02   3.0865E-01   1.0039E+03   1.0328E+02   3.0865E-01   1.0328E+02   1.0039E+03   4.9516E+02   2.4908E+00
 471   2.4600E+02   3.0865E-01   1.0039E+03   1.0328E+02   3.0865E-01   1.0328E+02   1.0039E+03   4.9516E+02   2.4908E+00
 472   2.4700E+02   3.0865E-01   1.0039E+03   1.0328E+02   3.0865E-01   1.0328E+02   1.0039E+03   4.9516E+02   2.4908E+00
 473   2.4800E+02   3.0865E-01   1.0039E+03   1.0328E+02   3.0865E-01   1.0328E+02   1.0039E+03   4.9516E+02   2.4908E+00
 474   2.4900E+02   3.0865E-01   1.0039E+03   1.0328E+02   3.0865E-01   1.0328E+02   1.0039E+03   4.9516E+02   2.4908E+00
 475   2.5000E+02   3.0865E-01   1.0039E+03   1.0328E+02   3.0865E-01   1.0328E+02   1.0039E+03   4.9516E+02   2.4908E+00
 476   2.5100E+02   3.0865E-01   1.0039E+03   1.0328E+02   3.0865E-01   1.0328E+02   1.0039E+03   4.9516E+02   2.4908E+00
 477   2.5200E+02   3.0865E-01   1.0039E+03   1.0328E+02   3.0865E-01   1.0328E+02   1.0039E+03   4.9516E+02   2.4908E+00
 478   2.5300E+02   3.0865E-01   1.0039E+03   1.0328E+02   3.0865E-01   1.0328E+02   1.0039E+03   4.9516E+02   2.4908E+00
 479   2.5400E+02   3.0865E-01   1.0039E+03   1.0328E+02   3.0865E-01   1.0328E+02   1.0039E+03   4.9516E+02   2.4908E+00
 480   2.5500E+02   3.0865E-01   1.0039E+03   1.0328E+02   3.0865E-01   1.0328E+02   1.0039E+03   4.9516E+02   2.4908E+00
 481   2.5600E+02   0.0000E+00   1.0039E+03   0.0000E+00   0.0000E+00   0.0000E+00   1.0039E+03   4.9516E+02   0.0000E+00
 482   2.5700E+02   0.0000E+00   1.0039E+03   0.0000E+00   0.0000E+00   0.0000E+00   1.0039E+03   4.9516E+02   0.0000E+00
 483   2.5800E+02   0.0000E+00   1.0039E+03   0.0000E+00   0.0000E+00   0.0000E+00   1.0039E+03   4.9516E+02   0.0000E+00
 484   2.5900E+02   0.0000E+00   1.0039E+03   0.0000E+00   0.0000E+00   0.0000E+00   1.0039E+03   4.9516E+02   0.0000E+00
 485   2.6000E+02   0.0000E+00   1.0039E+03   0.0000E+00   0.0000E+00   0.0000E+00   1.0039E+03   4.9516E+02   0.0000E+00
 486   2.6100E+02   0.0000E+00   1.0039E+03   0.0000E+00   0.0000E+00   0.0000E+00   1.0039E+03   4.9516E+02   0.0000E+00
 487   2.6200E+02   0.0000E+00   1.0039E+03   0.0000E+00   0.0000E+00   0.0000E+00   1.0039E+03   4.9516E+02   0.0000E+00
 488   2.6300E+02   0.0000E+00   1.0039E+03   0.0000E+00   0.0000E+00   0.0000E+00   1.0039E+03   4.9516E+02   0.0000E+00
 489   2.6400E+02   0.0000E+00   1.0039E+03   0.0000E+00   0.0000E+00   0.0000E+00   1.0039E+03   4.9516E+02   0.0000E+00
 490   2.6500E+02   0.0000E+00   1.0039E+03   0.0000E+00   0.0000E+00   0.0000E+00   1.0039E+03   4.9516E+02   0.0000E+00
 491   2.6600E+02   0.0000E+00   1.0039E+03   0.0000E+00   0.0000E+00   0.0000E+00   1.0039E+03   4.9516E+02   0.0000E+00
 492   2.6700E+02   0.0000E+00   1.0039E+03   0.0000E+00   0.0000E+00   0.0000E+00   1.0039E+03   4.9516E+02   0.0000E+00
 493   2.6800E+02   0.0000E+00   1.0039E+03   0.0000E+00   0.0000E+00   0.0000E+00   1.0039E+03   4.9516E+02   0.0000E+00
 494   2.6900E+02   0.0000E+00   1.0039E+03   0.0000E+00   0.0000E+00   0.0000E+00   1.0039E+03   4.9516E+02   0.0000E+00
 495   2.7000E+02   0.0000E+00   1.0039E+03   0.0000E+00   0.0000E+00   0.0000E+00   1.0039E+03   4.9516E+02   0.0000E+00
 496   2.7100E+02   0.0000E+00   1.0039E+03   0.0000E+00   0.0000E+00   0.0000E+00   1.0039E+03   4.9516E+02   0.0000E+00
 497   2.7200E+02   0.0000E+00   1.0039E+03   0.0000E+00   0.0000E+00   0.0000E+00   1.0039E+03   4.9516E+02   0.0000E+00
 498   2.7300E+02   0.0000E+00   1.0039E+03   0.0000E+00   0.0000E+00   0.0000E+00   1.0039E+03   4.9516E+02   0.0000E+00
 499   2.7400E+02   0.0000E+00   1.0039E+03   0.0000E+00   0.0000E+00   0.0000E+00   1.0039E+03   4.9516E+02   0.0000E+00
 500   2.7500E+02   0.0000E+00   1.0039E+03   0.0000E+00   0.0000E+00   0.0000E+00   1.0039E+03   4.9516E+02   0.0000E+00
 
 
 
 #    Density  ratio:    1003.89185    
 #  w Density  ratio:    1003.89185    
 #    Pressure ratio:    1.00000036    
 #  w Pressure ratio:    1.00000036    
 
 #  Ratio Density  ratios:    1.00000000    
 #  Ratio Pressure ratios:    1.00000000    
